this is the camera with respect to the checkerboard/table:
        "X_WT": [
            [
                0.05719769, -0.00556666,  0.99834735, -0.63455918
            ],
            [
                0.98150431 , 0.18330596 ,-0.05521063,  0.16662806
            ],
            [
                -0.18269568 , 0.98304015 , 0.01594838,  -0.00282537
            ],
            [
                0.0,
                0.0,
                0.0,
                1.0
            ]
        ]


this is the checkerboard with respect to the camera
        "X_WT": [
            [
                0.05756422,  0.98145243, -0.18285919, -0.12818118
            ],
            [
                -0.00735327,  0.19090072,  0.98158181, -0.03255731
            ],
            [
                0.99824395, -0.05629797,  0.01842707,  0.64461567
            ],
            [
                0.0,
                0.0,
                0.0,
                1.0
            ]
        ]

alternate angle (checkerboard w respect to camera)
            [
                -0.09026246, -0.68267708,  0.72512391,  0.14473719
            ],
            [
                0.09784826,  0.71849439,  0.68861566, -0.08652636
            ],
            [
                -0.99109959,  0.13310826,  0.00194569,  1.6673155
            ],
            [
                0.0,
                0.0,
                0.0,
                1.0
            ]





bad:
[[-0.9        -1.         -0.32427172]
 [-0.88741259 -1.         -0.33058428]
 [-0.87482517 -1.         -0.33689683]
 [-0.86223776 -1.         -0.34320939]
 [-0.84965035 -1.         -0.34952195]
 [-0.83706294 -1.         -0.3558345 ]
 [-0.82447552 -1.         -0.36214706]
 [-0.81188811 -1.         -0.36845962]
 [-0.7993007  -1.         -0.37477217]
 [-0.78671329 -1.         -0.38108473]]



good:
[[ -0.9         -1.         -31.42262322]
 [ -0.88741259  -1.         -30.89307284]
 [ -0.87482517  -1.         -30.36352246]
 [ -0.86223776  -1.         -29.83397209]
 [ -0.84965035  -1.         -29.30442171]
 [ -0.83706294  -1.         -28.77487133]
 [ -0.82447552  -1.         -28.24532096]
 [ -0.81188811  -1.         -27.71577058]
 [ -0.7993007   -1.         -27.1862202 ]
 [ -0.78671329  -1.         -26.65666983]]
